175
[  58501  101966  114501  116103  140272  185242  223269  232989  253353
  255791  261915  293566  314247  351232  365730  447907  464555  578883
  596169  706120  726173  755212  796016  874616  885774  891458  969596
 1081733 1098705 1136697 1190327 1233724 1271992 1356952 1363252 1449180
 1494016 1523689 1564262 1652552 1670725 1716287 1731810 1762202 1901823
 1906203 2012179 2053801 2096747 2152174 2242731 2243159 2406476 2497843
 2508408 2639962 2642165 2658173 2672094 2782000 2789714 2847605 2956923
 2994017 3079534 3117194 3161904 3261313 3287837 3307989 3326969 3439964
 3455367 3580656 3637758 3686427 3711479 3767198 3804122 3963120 4119503
 4237896 4269003 4397244 4420714 4425146 4447012 4568252 4577739 4592607
 4641843 4746158 4759503 4811330 4816308 4846506 4848607 4855151 4858468
 4932083 5133115 5258511 5265499 5300436 5310434 5366508 5398961 5555781
 5653322 5879907 5894904 5982378 5997125 6011643 6102959 6113614 6191899
 6327798 6400249 6417165 6445194 6469942 6475362 6484081 6510246 6563488
 6628821 7267348 7318651 7384954 7415695 7486449 7596454 7659465 7774588
 8219535 8248607 8282199 8384363 8400983 8500052 8518794 8558747 8593294
 8619388 8643014 8726767 8776968 8793579 8824546 8862685 9071492 9098961
 9111056 9159488 9163155 9164101 9176173 9218807 9230058 9244136 9315572
 9408570 9459196 9464893 9587019 9603820 9627385 9719178 9864483 9915074
 9920359 9928605 9967671 9992101]
[array([1.54710359e+00, 3.64765858e-02, 1.16409421e+02]), array([ 0.33696247, -0.765457  , 94.89511728]), array([-9.60778960e-01, -8.96607979e-02,  1.29770803e+02]), array([-8.15606488e-01, -1.05877280e-01,  1.15798932e+02]), array([ -1.51233712,   0.55678447, 139.47980941]), array([-0.80965172, -0.78889823, 82.56265495]), array([  1.23673916,  -1.07482621, 170.50191863]), array([-7.55155576e-02,  1.25759711e-01,  9.43520538e+01]), array([ -0.48727355,  -1.13903288, 183.88835146]), array([-7.30863744e-03,  3.15209762e-02,  6.12284633e+01]), array([  0.23694635,  -1.29046613, 139.38263674]), array([  0.88011656,   0.29144648, 200.84171198]), array([ -2.12177432,  -4.16200191, 102.81814617]), array([  0.86760769,   2.53766998, 147.81286248]), array([ -0.72489654,   0.78230981, 133.15889459]), array([ -0.59893338,   1.42978259, 150.95116722]), array([ 3.60251282e-01, -8.35331301e-02,  1.57184639e+02]), array([  0.471798  ,   0.45154952, 116.46897374]), array([3.33765125e-01, 1.01249113e-01, 1.61620079e+02]), array([ -0.57528287,  -0.27977926, 137.47788127]), array([ 0.85517833,  0.70047303, 91.17759465]), array([  1.19831008,  -0.34953367, 102.09440125]), array([  0.22528493,   0.51614548, 143.64065415]), array([  0.86242652,   0.73263005, 142.29547462]), array([ -0.21330744,  -0.54637926, 119.16287082]), array([-4.88949506e-02,  4.87269094e-01,  1.41748474e+02]), array([7.04765250e-01, 7.25401024e-03, 1.66157765e+02]), array([-4.56685932e-02,  9.12151892e-01,  1.50981365e+02]), array([  1.10467086,  -0.19748026, 114.02045262]), array([ 5.88230475e-01, -4.37856220e-03,  1.58481113e+02]), array([  1.23448704,  -0.4374817 , 152.02023094]), array([3.10044454e-01, 8.49435580e-02, 1.41059259e+02]), array([  1.15919393,   2.96713834, 160.24534331]), array([  1.02817337,  -0.17389958, 131.70481713]), array([  0.56914701,  -0.71842333, 144.32351143]), array([  0.43044536,   0.1658353 , 138.75614185]), array([-1.29968471e+00, -9.95349237e-02,  1.28957631e+02]), array([ 6.39239505e-02, -6.64359680e-01,  1.32339230e+02]), array([3.84499181e-01, 3.35018885e-02, 1.28458437e+02]), array([ 1.26982748e-01, -1.78296408e+00,  1.86787249e+02]), array([ -0.67333148,  -0.47033561, 108.44836585]), array([  0.65799361,   0.75046613, 143.34079817]), array([-1.15638857e-01,  7.10293892e-01,  1.35120515e+02]), array([ -2.26264879,   1.08495075, 142.09643153]), array([ -0.34693915,  -0.46938021, 127.90046429]), array([-2.90747966e-01, -2.14079666e-02,  1.63574046e+02]), array([  0.42683038,  -1.41716327, 131.59529611]), array([ 0.2870094 ,  0.34546816, 88.18413614]), array([  0.57474825,  -0.76515551, 101.17141144]), array([ -0.69028679,  -0.80181496, 168.22388541]), array([ 1.10746361e-01, -9.19141609e-01,  1.42007788e+02]), array([ -1.00853644,   0.80290112, 145.67700576]), array([  0.68597296,  -0.54061734, 139.86180409]), array([ -0.22443144,  -1.72077189, 163.50608102]), array([  1.53261783,  -0.65784959, 214.76980473]), array([-0.91071396, -0.12739845, 59.70497361]), array([ -1.66591102,   0.48322961, 154.61113082]), array([ -1.53371261,  -0.60087446, 160.12340214]), array([  0.15036018,  -0.44738658, 110.55947813]), array([ -0.26297342,  -1.511591  , 146.39437636]), array([ 0.31019364, -0.20837197, 80.39254231]), array([ -1.04713527,  -0.78052684, 113.65843892]), array([2.42091802e-02, 9.97018563e-02, 1.40110731e+02]), array([  0.28290983,   0.56175696, 123.52628245]), array([ -1.34895798,   0.56581335, 151.32267414]), array([ -0.29566981,  -0.69901965, 160.27905725]), array([ -1.33155442,  -0.66600578, 150.70977562]), array([ -0.72315456,   0.43379167, 104.45010098]), array([-7.20174585e-01, -1.15286490e-02,  1.07748932e+02]), array([ -0.63165222,   0.27418524, 105.52939877]), array([ 8.52912338e-02, -3.87983872e-02,  1.13543385e+02]), array([ -0.44154071,  -0.23284099, 114.59200293]), array([ -0.38918244,   0.49627844, 138.81120593]), array([  0.45197591,  -1.74575454, 155.1261148 ]), array([  0.68035903,  -2.06223905, 130.33511308]), array([ -0.96459023,  -0.22038064, 125.01384217]), array([  0.65977734,  -0.16961881, 144.13633422]), array([  1.1957471 ,   1.9854467 , 163.18122641]), array([ -0.14680538,   1.21384512, 117.56506783]), array([  1.1297715 ,   1.31965108, 129.47437091]), array([  0.5915229 ,   1.25527737, 164.8962323 ]), array([ -0.41808949,  -0.56397814, 180.04123522]), array([ -1.11474714,   1.04643745, 146.90445362]), array([  1.42641927,  -0.13942209, 128.00170973]), array([-1.36246578e-01,  8.09120929e-02,  1.09960009e+02]), array([  0.58017546,  -0.81593858, 181.59296682]), array([ -0.538319  ,   0.71649904, 206.56554454]), array([  1.67238664,  -0.61418424, 154.34427324]), array([ -1.85760948,  -0.2752576 , 157.64936165]), array([  2.18304038,  -2.27898583, 150.39376232]), array([  1.49951347,   1.64378151, 176.51460497]), array([-3.19308784e-01, -3.83235357e-03,  1.29453360e+02]), array([  1.05402049,   0.72151994, 188.47125409]), array([  0.82308735,  -1.0347995 , 180.46715555]), array([ 0.3384924 ,  0.57008634, 87.57540139]), array([ -1.66934119,  -0.81666841, 109.34147837]), array([ -0.58100792,   3.9527105 , 144.23119774]), array([ -0.74061755,  -0.64727903, 120.48873161]), array([ 1.83481388e+00, -7.14898147e-02,  1.41121573e+02]), array([ -0.68204405,  -0.40700805, 118.69621055]), array([-4.66356558e-02,  1.72517438e+00,  1.54572886e+02]), array([ -1.02241086,  -3.88575562, 154.00061156]), array([-0.62257366, -0.97443666, 93.3576453 ]), array([ -1.10304963,  -0.53983921, 142.99522388]), array([  0.18301977,   0.53564108, 144.47649636]), array([  0.79113989,  -0.32469766, 121.02165142]), array([-0.28019461,  0.34663387, 69.10873667]), array([ -0.4936024 ,   0.6582463 , 126.76918453]), array([ -1.04137969,   0.23723061, 104.81456033]), array([ -0.86492386,   0.23817502, 121.11021974]), array([  0.52269199,   1.3076514 , 107.71646311]), array([ -0.62498802,  -0.71118796, 165.00116851]), array([ -1.54447849,  -0.95567344, 135.42629159]), array([ -0.67367882,   0.98208851, 146.2391612 ]), array([  1.12739188,  -0.85629856, 194.85854671]), array([-2.92449867e-02, -6.13921722e-01,  1.74020491e+02]), array([  0.83578867,   0.99873705, 101.43071784]), array([ -0.30443419,  -0.95158684, 104.94875788]), array([ -0.46558313,  -0.86280089, 142.3507764 ]), array([  1.79022924,   0.71642702, 149.47376427]), array([  0.20737882,  -0.34628067, 160.8234139 ]), array([ -0.86408184,  -0.23673559, 149.79917543]), array([ -0.2335818,   0.6228484, 131.7010349]), array([ -1.76976282,  -3.32742518, 142.60919253]), array([ -0.42147629,   0.47000145, 112.257021  ]), array([  1.18977437,   0.73396219, 107.38769771]), array([ 5.73380885e-01, -6.71745340e-02,  1.29783154e+02]), array([ 1.22337349, -0.31759388, 86.21083811]), array([ -0.77501521,  -0.20335963, 156.59085974]), array([ -0.83407572,  -1.2361171 , 153.96950483]), array([ -1.37737834,   0.51364438, 105.72309477]), array([-8.64668718e-02,  7.71854188e-01,  1.58393024e+02]), array([ -1.5752943 ,  -0.13993299, 129.24767805]), array([ -0.52457595,   0.48869978, 188.39386059]), array([-8.71268290e-02, -1.19508958e+00,  1.79541512e+02]), array([ -1.14440017,  -0.54996927, 143.79045395]), array([3.23061040e-02, 7.77298168e-01, 1.25620394e+02]), array([ -1.75909141,   0.68473798, 172.57663586]), array([  0.56340731,   0.26972367, 103.61240648]), array([-5.76085315e-01,  1.67673026e-02,  8.29858481e+01]), array([ 1.23277048e-01, -7.28029361e-01,  1.94401315e+02]), array([  0.85716302,   0.27936993, 111.93443255]), array([-3.15731553e-01, -1.74294247e-02,  9.38807710e+01]), array([4.36500520e-01, 1.26007479e-01, 1.57388825e+02]), array([-8.88994753e-02, -2.06683352e+00,  1.40996070e+02]), array([  0.31526552,   0.49277245, 114.90676143]), array([ -1.84966745,  -0.91652976, 176.09925506]), array([  1.66878561,   0.31713512, 166.61530855]), array([  1.06231748,  -0.2616862 , 135.81441504]), array([ -0.81619571,  -0.82426926, 101.91005493]), array([ -0.51906831,  -0.93183504, 141.4810391 ]), array([  0.50731109,  -0.54590102, 109.73682115]), array([ -1.39276192,  -0.65527244, 123.64525853]), array([-1.49248991e-01,  3.22609278e-02,  1.57536790e+02]), array([ -1.64535828,  -0.31764075, 143.0023598 ]), array([  0.54323525,  -1.04827471, 184.37016872]), array([-1.51929142e-01, -4.42898428e+00,  1.65637585e+02]), array([ 6.53449555e-01, -6.59570768e-02,  1.30091261e+02]), array([  0.42761797,   0.7414746 , 124.44413705]), array([ 1.15812861,  0.33279947, 88.68361032]), array([  0.40922109,  -0.30478238, 138.29127444]), array([ -1.04427911,  -0.66001822, 119.38136412]), array([ -0.73012533,   0.27221229, 112.66373058]), array([ -0.57785259,   0.28576861, 140.21959774]), array([  0.14144918,   1.02235908, 123.83282093]), array([  1.35946678,  -0.46715364, 116.45118799]), array([  0.84273726,   0.99129446, 141.75526026]), array([-1.07499813e+00, -7.29239248e-02,  1.30629225e+02]), array([-6.49466415e-01, -9.59880740e-02,  1.05411458e+02]), array([ -1.29849837,   0.73801114, 163.16932268]), array([ 0.66565587,  0.48987055, 87.04776676]), array([ -1.35979827,   0.21740697, 145.11463991]), array([  0.55777941,  -1.22301324, 161.58547697]), array([  0.20810649,  -0.44053606, 113.53283335]), array([ -0.77422298,   1.71439396, 154.91787562])]
5
[1652552 1906203 2956923 3326969 6445194]
[array([ 1.83892259e-01, -7.27962790e-01,  1.84046585e+02]), array([ -1.38177724,   0.34289606, 158.85610941]), array([ -0.33854838,   0.61729563, 134.68473271]), array([ 0.41988272,  0.29071698, 92.68085202]), array([ 2.11519524e+00, -1.58908177e-02,  1.53401655e+02])]
1
[1652552]
[array([  1.38381494,  -1.12230598, 173.31011868])]
0
[]
[]
0
[]
[]
